0
1
10002
20003
30004
40005
50006
60007
70008
80009
90010
100011
110012
120013
130014
140015
150016
160017
170018
180019
190020
200021
210022
220023
230024
240025
250026
260027
270028
280029
290030
300031
310032
320033
330034
340035
350036
360037
370038
380039
390040
400041
410042
420043
430044
440045
450046
460047
470048
480049
490050
500051
510052
520053
530054
540055
550056
560057
570058
580059
590060
600061
610062
620063
630064
640065
650066
660067
670068
680069
690070
700071
710072
720073
730074
740075
750076
760077
770078
780079
790080
800081
810082
820083
830084
840085
850086
860087
870088
880089
890090
900091
910092
920093
930094
940095
950096
960097
970098
980099
990100
1000101
1010102
1020103
1030104
1040105
1050106
1060107
1070108
1080109
1090110
1100111
1110112
1120113
1130114
1140115
1150116
1160117
1170118
1180119
1190120
1200121
1210122
1220123
1230124
1240125
1250126
1260127
1270128
1280129
1290130
1300131
1310132
1320133
1330134
1340135
1350136
1360137
1370138
1380139
1390140
1400141
1410142
1420143
1430144
1440145
1450146
1460147
1470148
1480149
1490150
1500151
1510152
1520153
1530154
1540155
1550156
1560157
1570158
1580159
1590160
1600161
1610162
1620163
1630164
1640165
1650166
1660167
1670168
1680169
1690170
1700171
1710172
1720173
1730174
1740175
1750176
1760177
1770178
1780179
1790180
1800181
1810182
1820183
1830184
1840185
1850186
1860187
1870188
1880189
1890190
1900191
1910192
1920193
1930194
1940195
1950196
1960197
1970198
1980199
1990200
2000201
2010202
2020203
2030204
2040205
2050206
2060207
2070208
2080209
2090210
2100211
2110212
2120213
2130214
2140215
2150216
2160217
2170218
2180219
2190220
2200221
2210222
2220223
2230224
2240225
2250226
2260227
2270228
2280229
2290230
2300231
2310232
2320233
2330234
2340235
2350236
2360237
2370238
2380239
2390240
2400241
2410242
2420243
2430244
2440245
2450246
2460247
2470248
2480249
2490250
2500251
2510252
2520253
2530254
2540255
2550256
2560257
2570258
2580259
2590260
2600261
2610262
2620263
2630264
2640265
2650266
2660267
2670268
2680269
2690270
2700271
2710272
2720273
2730274
2740275
2750276
2760277
2770278
2780279
2790280
2800281
2810282
2820283
2830284
2840285
2850286
2860287
2870288
2880289
2890290
2900291
2910292
2920293
2930294
2940295
2950296
2960297
2970298
2980299
2990300
3000301
3010302
3020303
3030304
3040305
3050306
3060307
3070308
3080309
3090310
3100311
3110312
3120313
3130314
3140315
3150316
3160317
3170318
3180319
3190320
3200321
3210322
3220323
3230324
3240325
3250326
3260327
3270328
3280329
3290330
3300331
3310332
3320333
3330334
3340335
3350336
3360337
3370338
3380339
3390340
3400341
3410342
3420343
3430344
3440345
3450346
3460347
3470348
3480349
3490350
3500351
3510352
3520353
3530354
3540355
3550356
3560357
3570358
3580359
3590360
3600361
3610362
3620363
3630364
3640365
3650366
3660367
3670368
3680369
3690370
3700371
3710372
3720373
3730374
3740375
3750376
3760377
3770378
3780379
3790380
3800381
3810382
3820383
3830384
3840385
3850386
3860387
3870388
3880389
3890390
3900391
3910392
3920393
3930394
3940395
3950396
3960397
3970398
3980399
3990400
4000401
4010402
4020403
4030404
4040405
4050406
4060407
4070408
4080409
4090410
4100411
4110412
4120413
4130414
4140415
4150416
4160417
4170418
4180419
4190420
4200421
4210422
4220423
4230424
4240425
4250426
4260427
4270428
4280429
4290430
4300431
4310432
4320433
4330434
4340435
4350436
4360437
4370438
4380439
4390440
4400441
4410442
4420443
4430444
4440445
4450446
4460447
4470448
4480449
4490450
4500451
4510452
4520453
4530454
4540455
4550456
4560457
4570458
4580459
4590460
4600461
4610462
4620463
4630464
4640465
4650466
4660467
4670468
4680469
4690470
4700471
4710472
4720473
4730474
4740475
4750476
4760477
4770478
4780479
4790480
4800481
4810482
4820483
4830484
4840485
4850486
4860487
4870488
4880489
4890490
4900491
4910492
4920493
4930494
4940495
4950496
4960497
4970498
4980499
4990500
5000501
5010502
5020503
5030504
5040505
5050506
5060507
5070508
5080509
5090510
5100511
5110512
5120513
5130514
5140515
5150516
5160517
5170518
5180519
5190520
5200521
5210522
5220523
5230524
5240525
5250526
5260527
5270528
5280529
5290530
5300531
5310532
5320533
5330534
5340535
5350536
5360537
5370538
5380539
5390540
5400541
5410542
5420543
5430544
5440545
5450546
5460547
5470548
5480549
5490550
5500551
5510552
5520553
5530554
5540555
5550556
5560557
5570558
5580559
5590560
5600561
5610562
5620563
5630564
5640565
5650566
5660567
5670568
5680569
5690570
5700571
5710572
5720573
5730574
5740575
5750576
5760577
5770578
5780579
5790580
5800581
5810582
5820583
5830584
5840585
5850586
5860587
5870588
5880589
5890590
5900591
5910592
5920593
5930594
5940595
5950596
5960597
5970598
5980599
5990600
6000601
6010602
6020603
6030604
6040605
6050606
6060607
6070608
6080609
6090610
6100611
6110612
6120613
6130614
6140615
6150616
6160617
6170618
6180619
6190620
6200621
6210622
6220623
6230624
6240625
6250626
6260627
6270628
6280629
6290630
6300631
6310632
6320633
6330634
6340635
6350636
6360637
6370638
6380639
6390640
6400641
6410642
6420643
6430644
6440645
6450646
6460647
6470648
6480649
6490650
6500651
6510652
6520653
6530654
6540655
6550656
6560657
6570658
6580659
6590660
6600661
6610662
6620663
6630664
6640665
6650666
6660667
6670668
6680669
6690670
6700671
6710672
6720673
6730674
6740675
6750676
6760677
6770678
6780679
6790680
6800681
6810682
6820683
6830684
6840685
6850686
6860687
6870688
6880689
6890690
6900691
6910692
6920693
6930694
6940695
6950696
6960697
6970698
6980699
6990700
7000701
7010702
7020703
7030704
7040705
7050706
7060707
7070708
7080709
7090710
7100711
7110712
7120713
7130714
7140715
7150716
7160717
7170718
7180719
7190720
7200721
7210722
7220723
7230724
7240725
7250726
7260727
7270728
7280729
7290730
7300731
7310732
7320733
7330734
7340735
7350736
7360737
7370738
7380739
7390740
7400741
7410742
7420743
7430744
7440745
7450746
7460747
7470748
7480749
7490750
7500751
7510752
7520753
7530754
7540755
7550756
7560757
7570758
7580759
7590760
7600761
7610762
7620763
7630764
7640765
7650766
7660767
7670768
7680769
7690770
7700771
7710772
7720773
7730774
7740775
7750776
7760777
7770778
7780779
7790780
7800781
7810782
7820783
7830784
7840785
7850786
7860787
7870788
7880789
7890790
7900791
7910792
7920793
7930794
7940795
7950796
7960797
7970798
7980799
7990800
8000801
8010802
8020803
8030804
8040805
8050806
8060807
8070808
8080809
8090810
8100811
8110812
8120813
8130814
8140815
8150816
8160817
8170818
8180819
8190820
8200821
8210822
8220823
8230824
8240825
8250826
8260827
8270828
8280829
8290830
8300831
8310832
8320833
8330834
8340835
8350836
8360837
8370838
8380839
8390840
8400841
8410842
8420843
8430844
8440845
8450846
8460847
8470848
8480849
8490850
8500851
8510852
8520853
8530854
8540855
8550856
8560857
8570858
8580859
8590860
8600861
8610862
8620863
8630864
8640865
8650866
8660867
8670868
8680869
8690870
8700871
8710872
8720873
8730874
8740875
8750876
8760877
8770878
8780879
8790880
8800881
8810882
8820883
8830884
8840885
8850886
8860887
8870888
8880889
8890890
8900891
8910892
8920893
8930894
8940895
8950896
8960897
8970898
8980899
8990900
9000901
9010902
9020903
9030904
9040905
9050906
9060907
9070908
9080909
9090910
9100911
9110912
9120913
9130914
9140915
9150916
9160917
9170918
9180919
9190920
9200921
9210922
9220923
9230924
9240925
9250926
9260927
9270928
9280929
9290930
9300931
9310932
9320933
9330934
9340935
9350936
9360937
9370938
9380939
9390940
9400941
9410942
9420943
9430944
9440945
9450946
9460947
9470948
9480949
9490950
9500951
9510952
9520953
9530954
9540955
9550956
9560957
9570958
9580959
9590960
9600961
9610962
9620963
9630964
9640965
9650966
9660967
9670968
9680969
9690970
9700971
9710972
9720973
9730974
9740975
9750976
9760977
9770978
9780979
9790980
9800981
9810982
9820983
9830984
9840985
9850986
9860987
9870988
9880989
9890990
9900991
9910992
9920993
9930994
9940995
9950996
9960997
9970998
9980999
